image13_jpg.rf.2619c152fe756ab323a61258d2d4fd91.jpg 193,160,234,236,0
image3_jpg.rf.1d4c8d8cf228cdac1b0e37c4e0f94160.jpg 140,15,274,221,0
image22_jpg.rf.15534e3f2234fc53941acfb048a77fc7.jpg 244,105,281,183,0
image28_jpg.rf.281602eb4cafcf3c5b359116b3cd673a.jpg 155,112,197,170,0
image15_jpg.rf.22add68ef38ab2599437d2efa11c5bb6.jpg 339,0,378,63,0
image41_jpg.rf.1fabaf816c3e8e1578fba8356d6216a7.jpg 122,178,146,199,0
image26_jpg.rf.13d8614f695f46b7cc6ab9076fa5c9f8.jpg 346,63,385,147,0 160,97,200,179,0
image51_jpg.rf.1ff7aa11bcf16e9c82e407b148904129.jpg 238,43,307,203,0
image8_jpg.rf.29999cb6a8e8eec54ec19a9d56c98fc2.jpg 160,103,189,157,0
image23_jpg.rf.304dd70fef7cb34d4e5b45b5fd159dad.jpg 168,75,286,270,0
image29_jpg.rf.2df0d3c85d39d51fcad34ec5468dcc52.jpg 151,72,245,158,0
image31_jpg.rf.2eae4527549577913a113d652008d138.jpg 237,85,268,152,0
image24_jpg.rf.295cf9fa8b8c67d79c4a8dd666a0949a.jpg 179,127,226,203,0
image13_jpg.rf.083668876797382b8121bd31ca640d4e.jpg 188,157,231,234,0
image16_jpg.rf.2223c0f86f34abb8235d0ebf0f0d7066.jpg 132,110,208,236,0
image42_jpg.rf.212511c89d3b0df2f865cc9ff80b0303.jpg 180,152,221,224,0 343,229,365,274,0
image30_jpg.rf.1554e1a38fa67bf3afb45bf54be41c31.jpg 268,233,346,282,0
image26_jpg.rf.3d48330bd652761e5a9587373bdea87d.jpg 378,65,419,157,0 175,102,219,192,0
image4_jpg.rf.439c84a1245752e45a7dc1d48acb8b74.jpg 237,139,266,192,0
image41_jpg.rf.494d118223d4ede42618d6b2b88b419e.jpg 108,206,131,225,0
image29_jpg.rf.41fe40158de48e797c01cb5621188f92.jpg 146,71,241,158,0
image2_jpg.rf.475626435e96b2f15b833e8c833e0949.jpg 272,83,342,229,0
image45_jpg.rf.442d5e1ced2b6b390d6b31852ce6cc63.jpg 192,124,232,198,0
image8_jpg.rf.4866c611604dccbd3bb71afbf6f656dd.jpg 154,101,182,153,0
image47_jpg.rf.4c0bea9ef60b3c156ce16bf325cb6eaf.jpg 55,161,130,271,0 181,0,289,142,0
image21_jpg.rf.3716b4f2f9fae1dfd2a3aaa21c2f4d0f.jpg 205,107,303,199,0
image12_jpg.rf.4f4d5988422ecd6d56edf904143de29b.jpg 225,51,249,105,0
image28_jpg.rf.4aee346ad9d2004848f565d089d92c22.jpg 157,115,198,173,0
image30_jpg.rf.3177e371b05cb196490a2e7e39e2a8d2.jpg 253,250,331,299,0
image19_jpg.rf.53ff3dd46378800539669fd032323913.jpg 220,16,272,124,0
image12_jpg.rf.48fbe22819f4963e6519ac6e72d2bc87.jpg 208,74,230,125,0
image19_jpg.rf.3fc580419cb4c0e1b1fd6e7ec60264f8.jpg 202,64,247,156,0
image15_jpg.rf.52b6eafd2052fd2ead45e97778a222d2.jpg 320,32,354,93,0
image21_jpg.rf.395b54b84869149297f8b60affea99fc.jpg 201,89,308,189,0
image0_jpg.rf.4f048d3289f13d10ae34a8aa7d686fc5.jpg 176,59,267,233,0
image42_jpg.rf.5489821931340feab471122a79add950.jpg 194,147,233,213,0 345,218,366,260,0
image23_jpg.rf.362f8949ef4cc6342a7af9ea2c7fb4ac.jpg 177,81,300,286,0
image50_jpg.rf.6088850ef223ed8316f3a7f921fcc46c.jpg 93,64,172,220,0
image31_jpg.rf.552a08611c74a1b7bd203d76e6549e0f.jpg 243,71,277,146,0
image28_jpg.rf.74433cdce27402b22a785831d3b0501f.jpg 161,119,202,176,0
image32_jpg.rf.6b2376db1e3a3368d206a6e50e98bf04.jpg 207,83,249,126,0
image38_jpg.rf.67ab2c8f7dd4ecaf3275e3a3f60f96dd.jpg 225,54,277,152,0 66,61,112,145,0
image49_jpg.rf.62767e320a018d66cb7e1b36bbef3b7f.jpg 211,112,238,169,0 147,61,163,86,0 288,69,301,97,0
image47_jpg.rf.7cf06b4db653755f4310014d600ffb1b.jpg 40,126,126,251,0 183,0,304,105,0
image54_jpg.rf.72ef3e9aefb36fe68b34687f16c2a9d3.jpg 204,115,266,225,0
image3_jpg.rf.6ce4ff9d5e08a8d35e19355cf115dad8.jpg 139,37,256,219,0
image18_jpg.rf.64f9a1b58c43744347bbc00e119ceeb3.jpg 169,23,284,151,0
image23_jpg.rf.745e3f2ffe7d09857c336be450deb0bd.jpg 134,44,266,263,0
image8_jpg.rf.6766b1cf65c5ec27b5f5a0d22514d8c9.jpg 173,49,207,110,0
image49_jpg.rf.7e32a369c9dad84486baea98a5710e43.jpg 198,100,224,155,0 134,50,151,74,0 272,57,286,85,0
image34_jpg.rf.3daea67a0443a9d98d989d4ee245aa7c.jpg 257,67,300,159,0
image45_jpg.rf.6c0ba62a81ae0373f6f6489eba8c0ddf.jpg 178,116,214,182,0
image6_jpg.rf.6527745c1977bfdb9d4582d1ba99465b.jpg 192,111,219,158,0
image45_jpg.rf.7fff212ae38eb56c37df865a926b08f4.jpg 187,85,228,160,0
image14_jpg.rf.66f81be4ff0f0f128829f61bbf9230e2.jpg 253,259,285,321,0
image32_jpg.rf.7f9c94c309a0db1682c65fe3ec3d4b3c.jpg 217,75,262,120,0
image34_jpg.rf.8c2041065f5b22a211cacf062c1e7961.jpg 257,52,304,152,0
image13_jpg.rf.6bd3dcf4387a57d2b32b55dbab69c198.jpg 161,185,209,272,0
image41_jpg.rf.91ec8a62e992e1712807ff0cd31a343b.jpg 116,193,140,213,0
image37_jpg.rf.9d77bf418a42be369d7aef7ae191b56e.jpg 228,81,272,117,0
image47_jpg.rf.7abbee9b44239576c3e9c6e19321e52d.jpg 57,162,137,279,0 190,0,305,143,0
image15_jpg.rf.94951a1373bbc9c726aa738d008fc01c.jpg 324,5,360,71,0
image14_jpg.rf.80db13cd438fd08201213c5b9ed7ee94.jpg 265,258,299,322,0
image32_jpg.rf.a726b757777b035153796ce72ac1eb1f.jpg 233,41,282,91,0
image38_jpg.rf.ab904184408fd412fe29900f5b678b70.jpg 224,34,279,138,0 58,42,108,131,0
image2_jpg.rf.aca45aeeb91d04c6f22848d4e0dd2570.jpg 276,78,342,218,0
image19_jpg.rf.bf029109acbd95b54c770854284075ee.jpg 219,28,268,129,0
image4_jpg.rf.a98a87f19d6314bcaa01cd096121f3a3.jpg 248,126,276,176,0
image2_jpg.rf.aa774fdd46b327cb3664cc152fc46ce8.jpg 279,54,355,212,0
image21_jpg.rf.bfb1d941e1953701cba19d622bd19c96.jpg 192,100,297,198,0
image24_jpg.rf.b83f6c966af78b465c7d6783d31c64a6.jpg 184,122,229,195,0
image50_jpg.rf.d147dc5b70d3a6424da5b071acd0312a.jpg 119,49,196,200,0
image26_jpg.rf.d207b8b7ecda8f2d3f68cf5ef612fbe2.jpg 354,67,392,151,0 167,101,208,183,0
image16_jpg.rf.b2df7601f34e5d8d81a74e718b7cc5f0.jpg 136,106,212,235,0
image18_jpg.rf.c11ed358c6b2bf7f99d30542b68d436d.jpg 174,31,284,154,0
image42_jpg.rf.9d0b8be81707913683aa342e4f1198ca.jpg 192,151,234,220,0 352,226,374,270,0
image3_jpg.rf.c86e38c37b6ddd67d34c18fb77e6083a.jpg 129,44,262,250,0
image22_jpg.rf.96ca5c42055e6dbe25b842cac14c4324.jpg 258,65,298,153,0
image0_jpg.rf.b1576ac82690a5810d22a39acca0626a.jpg 174,62,263,234,0
image27_jpg.rf.cad0bb5bc8334b96920aac3010c62c4b.jpg 155,18,191,85,0
image27_jpg.rf.c8a940e4f2b0f841fe13948052f243a8.jpg 219,12,256,82,0
image30_jpg.rf.b6a6bc01b11eeee02f583f84925db1e9.jpg 274,252,348,298,0
image27_jpg.rf.c0a99f2aa1b2c07440e547e844f5125c.jpg 197,39,231,103,0
image24_jpg.rf.cae32d568f1fb9f6aab70993af5dede3.jpg 198,96,248,178,0
image18_jpg.rf.d1c6868f3cabac0beace1545268046e6.jpg 173,23,283,145,0
image0_jpg.rf.d1502ee3191c09234c69029d9a39762a.jpg 171,63,261,236,0
image54_jpg.rf.b35da9e7c593e36a0dbb75abd0c6274c.jpg 173,110,244,237,0
image34_jpg.rf.d6dd125e1be7bc0a174ab4bd01cb7c3b.jpg 263,61,306,154,0
image16_jpg.rf.a9968561bc8791336f772c3a1824acdd.jpg 133,115,207,240,0
image14_jpg.rf.d59f305666e7c720705cf91d7d13d436.jpg 258,252,291,315,0
image37_jpg.rf.d6e6301b92b0f8f5b572cf826a684914.jpg 273,91,318,129,0
image6_jpg.rf.e2b1fc8d6204be5b43132d289ce63bcb.jpg 185,94,213,144,0
image29_jpg.rf.e68af074ce9e48d839bb796671021f1d.jpg 121,51,227,147,0
image50_jpg.rf.974796b99575a7c5da59c6e12b501572.jpg 100,52,180,206,0
image4_jpg.rf.e881324c630773984724c3ef32f330e8.jpg 239,116,268,167,0
image12_jpg.rf.e376775bf2b2260f7983c1c9e5c9b4e2.jpg 197,70,218,119,0
image51_jpg.rf.d552bf1768ab196b66fa41154658b380.jpg 247,22,320,190,0
image6_jpg.rf.ddb7ce87f8b3575b653ae420e1509aba.jpg 212,99,240,148,0
image51_jpg.rf.e63495ccae64f45c78915a6d9e7a7e39.jpg 258,31,338,215,0
image49_jpg.rf.ee42ad1237f4883e26be7dbb1b4395e0.jpg 174,61,203,123,0 102,4,120,31,0 258,12,274,44,0
image38_jpg.rf.fa4e42f5232e12c4e850297f7176bcf3.jpg 231,34,287,141,0 58,42,110,134,0
image37_jpg.rf.fb7afc051d3c0ccd579fe3e3e6c9cb8d.jpg 233,82,273,116,0
image54_jpg.rf.d2c70db48677c2f4771d39983853f535.jpg 206,103,270,219,0
image22_jpg.rf.e908b13dcc0c87f9c7c2c7ce5cf6deee.jpg 227,83,266,168,0
image31_jpg.rf.f668fc1e7f5c6c84e20875316f0ab94a.jpg 252,64,284,136,0